21 074 1200 5 32754-32994-33234-33474-33714-33954
21 037 0730 3 16153-16402-16756-16883
21 072 0619 3 31655-31888-32034-32274
21 008 0618 3 2982-3184-3336-3600
21 021 0597 2 8859-9183-9456
21 052 0577 2 22924-23218-23501
21 071 0535 2 31120-31360-31655
21 006 0523 2 2072-2305-2595
21 029 0522 2 12378-12661-12900
21 014 0517 2 5804-6036-6321
21 033 0504 2 14257-14455-14761
21 034 0503 2 14761-15033-15264
21 047 0492 2 20651-20891-21143
21 010 0482 2 4009-4260-4491
21 073 0480 2 32274-32514-32754
21 069 0478 2 30204-30441-30682
21 011 0475 2 4491-4697-4966
21 030 0471 2 12900-13131-13371
21 025 0471 2 10687-10927-11158
21 031 0470 2 13371-13586-13841
21 068 0465 2 29739-29979-30204
21 043 0465 2 18969-19201-19434
21 051 0462 2 22462-22648-22924
21 036 0462 2 15691-15979-16153
21 056 0457 2 24762-25036-25219
21 055 0452 2 24310-24501-24762
21 013 0447 2 5357-5577-5804
21 050 0446 2 22016-22225-22462
21 063 0442 2 27641-27816-28083
21 026 0442 2 11158-11398-11600
21 066 0441 2 28885-29086-29326
21 049 0441 2 21575-21788-22016
21 070 0438 2 30682-30889-31120

22 072 1678 7 32514-32754-32994-33234-33474-33714-33954-34192
22 071 0714 3 31800-32032-32274-32514
22 021 0697 3 8818-9041-9185-9515
22 054 0628 2 23678-23932-24306
22 034 0620 2 14870-15207-15490
22 038 0587 2 16766-17009-17353
22 058 0580 2 25704-25996-26284
22 009 0572 2 3410-3673-3982
22 010 0571 2 3982-4289-4553
22 066 0564 3 29450-29598-29810-30014
22 059 0546 2 26284-26556-26830
22 069 0539 2 30823-31122-31362
22 028 0535 2 12345-12677-12880
22 044 0528 2 19469-19739-19997
22 024 0516 2 10418-10718-10934
22 027 0513 2 11832-12138-12345
22 018 0512 2 7436-7674-7948
22 022 0499 2 9515-9774-10014
22 062 0498 2 27658-27904-28156
22 025 0484 2 10934-11114-11418
22 064 0479 2 28585-28841-29064
22 057 0479 2 25225-25495-25704
22 004 0475 2 1204-1394-1679
22 041 0468 2 18224-18433-18692
22 039 0464 2 17353-17567-17817
22 002 0463 2 320-554-783
22 056 0463 2 24762-25009-25225
22 020 0460 2 8358-8613-8818
22 007 0459 2 2501-2741-2960
22 055 0456 2 24306-24506-24762
22 047 0456 2 20820-21108-21276
22 008 0450 2 2960-3166-3410
22 037 0443 2 16323-16506-16766
22 036 0440 2 15883-16108-16323

23 100 0960 4 32033-32273-32513-32753-32993
23 103 0722 3 33473-33713-33953-34195
23 059 0719 3 18966-19146-19386-19685
23 008 0569 3 2230-2359-2599-2799
23 014 0533 2 4287-4527-4820
23 098 0522 3 31163-31316-31556-31685
23 028 0465 2 9027-9219-9492
23 024 0463 2 7558-7717-8021
23 074 0447 2 23820-24094-24267
23 095 0436 2 30077-30290-30513
23 069 0423 2 22263-22466-22686
23 016 0416 2 5150-5302-5566

24 097 2160 9 32032-32274-32514-32754-32994-33234-33474-33714-33954-34192
24 053 0739 3 16819-17171-17411-17558
24 073 0565 2 24088-24443-24653
24 077 0558 2 25676-25898-26234
24 021 0535 2 6033-6273-6568
24 052 0530 2 16289-16649-16819
24 054 0517 2 17558-17756-18075
24 042 0480 2 13162-13352-13642
24 066 0478 2 21853-22024-22331
24 024 0474 2 7246-7402-7720
24 029 0449 2 8849-9086-9298
24 018 0447 2 5005-5242-5452
24 094 0422 2 31026-31221-31448

25 001 0842 4 0-153-393-633-842
25 017 0637 3 5337-5577-5817-5974
25 102 0624 3 31887-32031-32271-32511
25 021 0553 2 7010-7211-7563
25 103 0480 2 32511-32751-32991
25 031 0461 2 10268-10508-10729
25 048 0459 2 15967-16135-16426
25 034 0444 2 11265-11505-11709
25 030 0440 2 9828-10031-10268
25 008 0416 2 2633-2785-3049
25 037 0416 2 12352-12572-12768

26 098 0960 4 32274-32514-32754-32994-33234
26 099 0956 4 33234-33474-33714-33954-34190
26 061 0717 3 20152-20343-20583-20869
26 020 0690 3 6175-6392-6632-6865
26 081 0687 2 26491-26809-27178
26 005 0635 2 1450-1803-2085
26 027 0599 3 8651-8877-9117-9250
26 087 0556 3 28806-28968-29208-29362
26 035 0543 2 11878-12118-12421
26 029 0531 2 9768-9947-10299
26 028 0518 3 9250-9389-9629-9768
26 067 0514 2 22374-22537-22888
26 054 0508 2 17938-18154-18446
26 002 0499 2 228-447-727
26 086 0493 2 28313-28515-28806
26 046 0469 2 15525-15765-15994
26 041 0457 2 14034-14182-14491
26 039 0453 2 13264-13413-13717
26 010 0416 2 3352-3504-3768

27 029 0735 3 8600-8825-9065-9335
27 099 0720 3 31939-32179-32419-32659
27 097 0610 3 31089-31219-31459-31699
27 073 0598 3 23721-23941-24181-24319
27 058 0511 2 18586-18748-19097
27 102 0506 2 33374-33737-33880
27 068 0485 2 22039-22330-22524
27 101 0475 2 32899-33139-33374
27 039 0454 2 12318-12469-12772
27 002 0450 2 418-628-868
27 054 0436 2 16921-17161-17357
27 017 0418 2 5015-5217-5433

28 098 0962 4 32032-32274-32514-32754-32994
28 002 0817 3 245-485-725-1062
28 086 0778 3 27899-28122-28362-28677
28 015 0681 2 5299-5659-5980
28 004 0666 3 1629-1842-2082-2295
28 020 0655 2 7024-7381-7679
28 003 0567 2 1062-1302-1629
28 054 0552 2 18298-18520-18850
28 055 0492 2 18850-19195-19342
28 042 0482 2 14495-14662-14977
28 099 0480 2 32994-33234-33474
28 024 0477 2 8546-8786-9023
28 027 0462 2 9668-9978-10130
28 028 0440 2 10130-10426-10570
28 088 0410 2 29023-29193-29433

29 068 0816 3 22335-22575-22815-23151
29 075 0739 3 25246-25603-25843-25985
29 071 0721 3 23762-24110-24350-24483
29 094 0720 3 32515-32755-32995-33235
29 021 0696 2 5879-6202-6575
29 093 0686 3 31829-32033-32275-32515
29 050 0619 3 16286-16526-16766-16905
29 029 0616 2 9227-9497-9843
29 024 0580 2 7243-7458-7823
29 035 0580 2 11700-11940-12280
29 034 0534 2 11166-11520-11700
29 006 0501 2 1351-1557-1852
29 027 0497 2 8467-8749-8964
29 051 0494 2 16905-17067-17399
29 097 0476 2 33715-33955-34191
29 092 0463 2 31366-31691-31829
29 077 0461 2 26266-26506-26727
29 023 0426 2 6817-7057-7243
29 083 0426 2 28578-28770-29004
29 056 0421 2 18514-18656-18935
29 088 0418 2 30053-30203-30471

30 106 0651 2 31735-32045-32386
30 036 0566 3 11830-11994-12234-12396
30 108 0548 2 32752-33036-33300
30 032 0524 2 10349-10570-10873
30 005 0523 2 1381-1590-1904
30 002 0504 2 207-576-711
30 020 0462 2 6514-6686-6976
30 033 0435 2 10873-11031-11308
