01 018 0748 2 7937-8312-8685
01 073 0720 3 32527-32767-33007-33247
01 011 0681 3 4396-4636-4876-5077
01 052 0632 2 23161-23476-23793
01 049 0626 2 21537-21771-22163
01 075 0590 2 33821-34171-34411
01 074 0574 2 33247-33485-33821
01 060 0550 2 26799-27069-27349
01 057 0550 2 25455-25658-26005
01 016 0548 2 6899-7163-7447
01 036 0543 2 16092-16393-16635
01 019 0542 2 8685-8992-9227
01 015 0541 2 6358-6622-6899
01 007 0519 2 2575-2864-3094
01 050 0506 2 22163-22436-22669
01 070 0504 2 31063-31327-31567
01 020 0496 2 9227-9538-9723
01 051 0492 2 22669-22884-23161
01 003 0491 2 725-958-1216
01 017 0490 2 7447-7712-7937
01 072 0480 2 32047-32287-32527
01 071 0480 2 31567-31807-32047
01 009 0466 2 3528-3787-3994
01 005 0466 2 1645-1916-2111
01 030 0465 2 13546-13811-14011
01 006 0464 2 2111-2420-2575
01 021 0452 2 9723-9949-10175
01 033 0449 2 14790-15030-15239
01 026 0449 2 11825-12089-12274
01 014 0448 2 5910-6123-6358
01 028 0442 2 12689-12960-13131
01 069 0441 2 30622-30889-31063
01 045 0441 2 19917-20134-20358
01 038 0436 2 17044-17294-17480
01 008 0434 2 3094-3351-3528

02 071 2244 9 31938-32277-32517-32757-32997-33237-33477-33717-33957-34182
02 019 0734 3 8035-8235-8475-8769
02 004 0673 3 1182-1448-1688-1855
02 032 0651 2 14314-14635-14965
02 036 0612 2 16362-16674-16974
02 047 0596 2 21245-21579-21841
02 051 0584 2 23079-23388-23663
02 052 0577 2 23663-23957-24240
02 020 0567 2 8769-9009-9336
02 008 0534 2 3112-3490-3646
02 027 0532 2 11827-12067-12359
02 031 0521 2 13793-14098-14314
02 059 0518 2 26822-27087-27340
02 029 0510 2 12836-13145-13346
02 035 0502 2 15860-16164-16362
02 033 0497 2 14965-15180-15462
02 056 0495 2 25453-25686-25948
02 009 0494 2 3646-3922-4140
02 016 0480 2 6736-6995-7216
02 012 0478 2 4965-5222-5443
02 058 0477 2 26345-26548-26822
02 028 0477 2 12359-12635-12836
02 021 0467 2 9336-9566-9803
02 043 0465 2 19458-19707-19923
02 041 0462 2 18588-18786-19050
02 014 0448 2 5894-6090-6342
02 030 0447 2 13346-13586-13793
02 068 0446 2 30616-30786-31062
02 069 0444 2 31062-31302-31506
02 005 0441 2 1855-2086-2296
02 055 0435 2 25018-25255-25453
02 070 0432 2 31506-31698-31938

03 071 1920 8 32037-32277-32517-32757-32997-33237-33477-33717-33957
03 047 0805 4 20623-20846-20999-21239-21428
03 004 0792 3 1228-1498-1738-2020
03 069 0707 3 30919-31195-31435-31626
03 008 0639 2 3389-3711-4028
03 062 0574 2 27456-27784-28030
03 068 0567 2 30352-30607-30919
03 066 0562 2 29355-29595-29917
03 029 0530 2 12771-13072-13301
03 015 0527 2 6636-6945-7163
03 006 0518 2 2422-2749-2940
03 028 0507 2 12264-12588-12771
03 041 0502 2 18046-18320-18548
03 017 0499 2 7559-7807-8058
03 058 0494 2 25698-25949-26192
03 036 0485 2 15885-16166-16370
03 057 0480 2 25218-25458-25698
03 063 0476 2 28030-28324-28506
03 033 0476 2 14595-14792-15071
03 012 0475 2 5336-5554-5811
03 011 0472 2 4864-5041-5336
03 031 0471 2 13700-13982-14171
03 042 0462 2 18548-18698-19010
03 022 0454 2 9680-9894-10134
03 051 0453 2 22622-22811-23075
03 040 0452 2 17594-17765-18046
03 007 0449 2 2940-3233-3389
03 060 0443 2 26593-26808-27036
03 013 0442 2 5811-6059-6253
03 025 0440 2 11021-11261-11461
03 056 0438 2 24780-25038-25218
03 067 0435 2 29917-30154-30352
03 052 0435 2 23075-23255-23510

04 068 1200 5 32514-32754-32994-33234-33474-33714
04 016 0930 4 7427-7667-7907-8147-8357
04 039 0909 3 19417-19789-20029-20326
04 017 0726 3 8357-8614-8854-9083
04 025 0684 3 12571-12811-13051-13255
04 002 0665 3 629-869-1109-1294
04 021 0635 3 10506-10746-10986-11141
04 012 0630 2 5420-5726-6050
04 001 0629 3 0-252-492-629
04 066 0585 3 31403-31571-31763-31988
04 037 0576 2 18355-18637-18931
04 035 0551 2 17267-17519-17818
04 008 0549 2 3639-3948-4188
04 014 0538 2 6448-6700-6986
04 036 0537 2 17818-18091-18355
04 067 0526 2 31988-32274-32514
04 024 0523 2 12048-12331-12571
04 033 0522 2 16328-16591-16850
04 019 0507 2 9558-9834-10065
04 003 0504 2 1294-1608-1798
04 022 0503 2 11141-11404-11644
04 059 0499 2 28302-28524-28801
04 006 0495 2 2687-2967-3182
04 028 0494 2 14112-14426-14606
04 064 0489 2 30446-30764-30935
04 055 0487 2 26565-26872-27052
04 038 0486 2 18931-19237-19417
04 069 0478 2 33714-33954-34192
04 018 0475 2 9083-9323-9558
04 051 0471 2 24857-25157-25328
04 065 0468 2 30935-31265-31403
04 044 0463 2 21933-22183-22396
04 032 0461 2 15867-16051-16328
04 007 0457 2 3182-3382-3639
04 005 0457 2 2230-2424-2687

05 071 2159 9 32032-32274-32514-32754-32994-33234-33474-33714-33954-34191
05 058 0902 4 25417-25699-25939-26179-26319
05 070 0729 3 31303-31615-31855-32032
05 043 0708 3 18551-18783-18921-19259
05 015 0645 3 5850-6031-6340-6495
05 059 0584 2 26319-26645-26903
05 046 0580 3 20150-20348-20588-20730
05 023 0556 2 9799-10083-10355
05 065 0535 2 29047-29327-29582
05 031 0534 2 13255-13520-13789
05 020 0519 2 8318-8489-8837
05 041 0513 2 17538-17773-18051
05 022 0507 2 9292-9579-9799
05 042 0500 2 18051-18305-18551
05 056 0495 2 24511-24663-25006
05 062 0491 2 27766-28006-28257
05 044 0483 2 19259-19488-19742
05 038 0481 2 16255-16436-16736
05 047 0475 2 20730-20996-21205
05 011 0471 2 4150-4430-4621
05 027 0471 2 11523-11831-11994
05 018 0467 2 7396-7688-7863
05 068 0464 2 30444-30625-30908
05 010 0457 2 3693-3887-4150
05 008 0456 2 2798-2969-3254
05 021 0455 2 8837-9090-9292
05 019 0455 2 7863-8107-8318
05 017 0454 2 6942-7141-7396
05 016 0447 2 6495-6731-6942
05 029 0447 2 12395-12597-12842
05 032 0443 2 13789-14017-14232
05 066 0442 2 29582-29758-30024
05 014 0439 2 5411-5629-5850
05 009 0439 2 3254-3499-3693
05 050 0438 2 22034-22247-22472

06 069 2566 11 31626-31806-31999-32239-32479-32719-32959-33199-33439-33679-33919-34192
06 026 1247 6 11585-11797-11933-12173-12413-12653-12832
06 024 0737 3 10138-10473-10713-10875
06 025 0710 2 10875-11250-11585
06 063 0636 3 28924-29188-29428-29560
06 048 0573 2 22268-22505-22841
06 007 0564 2 2504-2769-3068
06 059 0546 2 27130-27413-27676
06 046 0532 3 21229-21409-21599-21761
06 014 0527 2 5606-5827-6133
06 027 0517 2 12832-13109-13349
06 016 0508 2 6540-6903-7048
06 030 0508 2 14301-14571-14809
06 047 0507 2 21761-22037-22268
06 020 0505 2 8374-8638-8879
06 028 0490 2 13349-13597-13839
06 035 0489 2 16557-16770-17046
06 049 0478 2 22841-23127-23319
06 017 0475 2 7048-7283-7523
06 011 0475 2 4306-4631-4781
06 051 0469 2 23724-23945-24193
06 034 0468 2 16089-16413-16557
06 019 0466 2 7908-8148-8374
06 006 0466 2 2038-2344-2504
06 029 0462 2 13839-14073-14301
06 022 0457 2 9278-9539-9735
06 060 0452 2 27676-27978-28128
06 064 0450 2 29560-29770-30010
06 040 0447 2 18731-19010-19178
06 039 0445 2 18286-18482-18731
06 012 0442 2 4781-5029-5223
06 045 0442 2 20787-21001-21229
06 002 0441 2 327-530-768
06 054 0441 2 25010-25255-25451
06 005 0441 2 1597-1798-2038

07 067 0927 4 31824-32031-32271-32511-32751
07 064 0892 3 30111-30412-30714-31003
07 060 0837 3 27639-27861-28101-28476
07 016 0751 3 6726-6915-7155-7477
07 050 0734 3 22527-22814-23054-23261
07 020 0695 3 8951-9252-9492-9646
07 043 0672 3 19169-19400-19640-19841
07 051 0652 2 23261-23561-23913
07 032 0644 2 14418-14695-15062
07 062 0625 2 29088-29436-29713
07 061 0612 2 28476-28827-29088
07 058 0564 2 26526-26787-27090
07 059 0549 2 27090-27357-27639
07 012 0530 2 4891-5188-5421
07 019 0527 2 8424-8681-8951
07 010 0527 2 3951-4260-4478
07 027 0522 2 12219-12474-12741
07 046 0495 2 20744-21011-21239
07 006 0490 2 2161-2417-2651
07 015 0486 2 6240-6435-6726
07 001 0485 2 0-189-485
07 057 0484 2 26042-26272-26526
07 017 0481 2 7477-7718-7958
07 069 0480 2 33231-33471-33711
07 068 0480 2 32751-32991-33231
07 023 0480 2 10429-10756-10909
07 070 0479 2 33711-33951-34190
07 055 0478 2 25094-25256-25572
07 005 0478 2 1683-1923-2161
07 025 0478 2 11306-11593-11784
07 007 0475 2 2651-2869-3126
07 044 0471 2 19841-20060-20312
07 056 0470 2 25572-25818-26042
07 018 0466 2 7958-8184-8424
07 035 0463 2 15837-16087-16300

08 067 2371 10 31824-32037-32277-32517-32757-32997-33237-33477-33717-33957-34195
08 052 0864 4 24543-24783-25023-25263-25407
08 050 0831 3 23199-23517-23790-24030
08 029 0724 3 13023-13188-13402-13747
08 015 0720 3 6359-6599-6839-7079
08 043 0689 3 19575-19745-19985-20264
08 012 0639 2 4826-5180-5465
08 061 0628 2 28883-29199-29511
08 049 0591 2 22608-22848-23199
08 044 0584 2 20264-20508-20848
08 020 0569 2 8933-9145-9502
08 016 0569 2 7079-7298-7648
08 023 0569 2 10402-10672-10971
08 033 0549 2 14963-15275-15512
08 066 0543 2 31281-31590-31824
08 011 0531 2 4295-4447-4826
08 065 0528 2 30753-30954-31281
08 035 0519 2 16019-16298-16538
08 022 0513 2 9889-10129-10402
08 051 0513 2 24030-24270-24543
08 010 0511 2 3784-4069-4295
08 034 0507 2 15512-15752-16019
08 018 0505 2 8044-8320-8549
08 056 0503 2 26709-26978-27212
08 037 0501 2 16982-17150-17483
08 013 0498 2 5465-5613-5963
08 048 0495 2 22113-22368-22608
08 057 0474 2 27212-27497-27686
08 004 0471 2 1249-1529-1720
08 055 0469 2 26240-26537-26709
08 045 0465 2 20848-21052-21313
08 003 0457 2 792-986-1249
08 041 0453 2 18694-18907-19147
08 064 0443 2 30310-30576-30753

09 033 1469 6 16511-16721-16961-17201-17441-17681-17980
09 032 0987 4 15524-15791-16031-16271-16511
09 024 0927 4 11488-11679-11858-12098-12415
09 002 0876 4 462-636-816-1056-1338
09 019 0803 3 8739-8979-9305-9542
09 016 0795 3 7091-7354-7594-7886
09 058 0774 3 29725-30019-30259-30499
09 051 0702 2 26143-26485-26845
09 037 0651 3 19357-19499-19725-20008
09 062 0601 2 31903-32264-32504
09 021 0588 3 10010-10208-10381-10598
09 050 0572 3 25571-25767-26007-26143
09 059 0570 2 30499-30832-31069
09 049 0566 2 25005-25292-25571
09 055 0541 2 28200-28470-28741
09 026 0536 2 12836-13135-13372
09 010 0523 2 4403-4642-4926
09 048 0513 2 24492-24645-25005
09 041 0508 2 21379-21640-21887
09 057 0504 2 29221-29461-29725
09 022 0504 2 10598-10773-11102
09 040 0498 2 20881-21145-21379
09 029 0496 2 14182-14441-14678
09 044 0488 2 22781-23007-23269
09 038 0486 2 20008-20296-20494
09 065 0480 2 33464-33704-33944
09 064 0480 2 32984-33224-33464
09 063 0480 2 32504-32744-32984
09 056 0480 2 28741-28981-29221
09 007 0478 2 2998-3255-3476
09 034 0478 2 17980-18268-18458
09 009 0476 2 3927-4125-4403
09 054 0475 2 27725-27923-28200
09 012 0474 2 5323-5563-5797
09 020 0468 2 9542-9806-10010

10 070 1440 6 32754-32994-33234-33474-33714-33954-34194
10 069 0812 3 31942-32274-32512-32754
10 022 0734 2 9959-10333-10693
10 020 0707 3 8847-9044-9215-9554
10 019 0707 3 8140-8424-8664-8847
10 040 0702 3 19009-19279-19555-19711
10 026 0658 3 12120-12357-12496-12778
10 016 0585 2 6751-7117-7336
10 024 0573 2 11113-11464-11686
10 036 0569 2 16974-17181-17543
10 027 0568 2 12778-13021-13346
10 034 0563 2 15877-16144-16440
10 038 0562 2 18051-18390-18613
10 066 0544 2 30503-30814-31047
10 035 0534 2 16440-16734-16974
10 029 0527 2 13763-13949-14290
10 057 0520 2 26510-26770-27030
10 004 0515 2 1191-1520-1706
10 062 0511 2 28750-29059-29261
10 037 0508 2 17543-17730-18051
10 008 0505 2 3109-3366-3614
10 009 0492 2 3614-3842-4106
10 006 0490 2 2144-2420-2634
10 014 0487 2 5803-5989-6290
10 012 0477 2 4939-5200-5416
10 047 0477 2 22240-22541-22717
10 059 0475 2 27459-27788-27934
10 007 0475 2 2634-2891-3109
10 045 0462 2 21327-21588-21789
10 015 0461 2 6290-6590-6751
10 067 0458 2 31047-31316-31505
10 051 0453 2 23967-24140-24420
10 065 0451 2 30052-30262-30503
10 046 0451 2 21789-22056-22240
10 056 0449 2 26061-26279-26510
