41 105 1442 6 32032-32274-32514-32754-32994-33234-33474
41 039 0594 3 11845-11992-12232-12439
41 035 0585 2 10321-10561-10906
41 034 0541 3 9780-9947-10187-10321
41 100 0522 2 30343-30685-30865
41 087 0509 2 26250-26457-26759
41 076 0497 2 23002-23143-23499
41 107 0478 2 33714-33954-34192
41 051 0419 2 15697-15912-16116
41 052 0417 2 16116-16338-16533

42 031 1010 5 10283-10438-10678-10918-11158-11293
42 091 0962 4 32032-32274-32514-32754-32994
42 004 0803 3 869-1109-1349-1672
42 083 0802 3 28980-29247-29489-29782
42 062 0665 3 21754-21911-22151-22419
42 041 0657 3 14013-14299-14539-14670
42 078 0650 3 26926-27138-27378-27576
42 009 0635 2 3154-3473-3789
42 082 0587 2 28393-28633-28980
42 043 0548 3 14961-15098-15338-15509
42 057 0520 2 19944-20184-20464
42 044 0510 2 15509-15671-16019
42 067 0506 3 23512-23646-23886-24018
42 093 0480 2 33234-33474-33714
42 094 0478 2 33714-33954-34192
42 073 0468 2 25324-25516-25792
42 051 0439 2 18037-18194-18476
42 010 0437 2 3789-3934-4226
42 008 0436 2 2718-2932-3154
42 021 0420 2 7575-7782-7995
42 003 0417 2 452-590-869

43 099 1202 5 32033-32275-32515-32755-32995-33235
43 050 0598 2 16022-16322-16620
43 039 0516 3 12078-12210-12450-12594
43 007 0509 2 1798-2015-2307
43 096 0507 2 30976-31192-31483
43 075 0501 3 24506-24638-24878-25007
43 017 0483 2 5092-5419-5575
43 022 0473 2 6824-7024-7297
43 080 0471 2 26226-26514-26697
43 062 0468 2 19963-20089-20431
43 051 0461 2 16620-16794-17081
43 074 0448 2 24058-24238-24506
43 049 0447 2 15575-15815-16022
43 040 0432 2 12594-12738-13026
43 003 0424 2 491-703-915
43 029 0423 2 8974-9214-9397
43 028 0411 2 8563-8738-8974

44 046 0861 4 14327-14531-14771-15011-15188
44 100 0720 3 33231-33471-33711-33951
44 097 0720 3 32031-32271-32511-32751
44 063 0616 3 19995-20235-20475-20611
44 071 0590 2 22746-23069-23336
44 093 0556 2 30689-30929-31245
44 080 0551 3 26167-26325-26565-26718
44 016 0524 2 4579-4819-5103
44 078 0524 2 25292-25640-25816
44 083 0485 2 27449-27655-27934
44 076 0475 2 24516-24756-24991
44 036 0460 2 11014-11254-11474
44 032 0454 2 9620-9797-10074
44 045 0451 2 13876-14116-14327
44 043 0441 2 13196-13403-13637
44 009 0437 2 2254-2399-2691

45 094 0962 4 32032-32274-32514-32754-32994
45 036 0801 4 11148-11322-11562-11802-11949
45 066 0796 3 22018-22258-22498-22814
45 055 0684 3 17402-17642-17882-18086
45 025 0673 3 7527-7692-7932-8200
45 092 0570 2 31231-31455-31801
45 016 0538 3 4495-4649-4889-5033
45 071 0516 2 24196-24367-24712
45 088 0514 2 29643-29806-30157
45 019 0498 2 5594-5816-6092
45 062 0495 2 20344-20558-20839
45 095 0480 2 32994-33234-33474
45 097 0478 2 33714-33954-34192
45 084 0459 2 28384-28624-28843
45 060 0423 2 19600-19747-20023

46 099 1198 5 32991-33231-33471-33711-33951-34189
46 016 0981 4 4723-4876-5116-5356-5704
46 097 0893 4 31858-32031-32271-32511-32751
46 041 0789 3 12975-13179-13419-13764
46 055 0635 3 18533-18728-18968-19168
46 049 0597 2 16185-16460-16782
46 036 0570 3 11052-11262-11502-11622
46 088 0564 2 28507-28805-29071
46 032 0561 3 9586-9738-9978-10147
46 044 0507 3 14352-14486-14726-14859
46 058 0501 3 19858-19982-20222-20359
46 052 0486 2 17448-17646-17934
46 066 0485 2 22193-22391-22678
46 093 0471 2 30332-30482-30803
46 056 0456 2 19168-19459-19624
46 015 0455 2 4268-4483-4723
46 046 0438 2 15168-15333-15606
46 009 0437 2 2206-2351-2643
46 094 0431 2 30803-30997-31234
46 051 0417 2 17031-17232-17448

47 102 0962 4 32033-32275-32515-32755-32995
47 100 0717 3 31053-31245-31485-31770
47 083 0659 3 25190-25394-25634-25849
47 080 0618 3 24014-24188-24428-24632
47 073 0547 3 21253-21401-21641-21800
47 079 0544 2 23470-23710-24014
47 045 0533 2 12890-13088-13423
47 084 0520 2 25849-26063-26369
47 088 0492 2 27252-27537-27744
47 104 0480 2 33475-33715-33955
47 103 0480 2 32995-33235-33475
47 066 0476 2 19268-19415-19744
47 044 0472 2 12418-12560-12890
47 013 0439 2 3548-3765-3987
47 007 0437 2 1486-1631-1923
47 098 0430 2 30386-30605-30816
47 059 0420 2 17223-17463-17643
47 032 0409 2 8956-9148-9365

48 103 1375 6 31859-32034-32274-32514-32754-32994-33234
48 040 0812 3 11960-12200-12440-12772
48 104 0720 3 33234-33474-33714-33954
48 063 0703 4 19554-19662-19902-20142-20257
48 049 0600 3 15126-15312-15552-15726
48 074 0555 2 23305-23545-23860
48 099 0522 2 30482-30722-31004
48 013 0507 2 3778-3997-4285
48 051 0477 2 16026-16266-16503
48 073 0450 2 22855-23074-23305
48 011 0447 2 3026-3247-3473
48 033 0441 2 9533-9737-9974
48 039 0425 2 11535-11736-11960
48 077 0413 2 24409-24649-24822

49 108 0958 4 33235-33475-33715-33955-34193
49 106 0800 3 31955-32275-32515-32755
49 105 0533 2 31422-31686-31955
49 072 0520 2 21158-21398-21678
49 107 0480 2 32755-32995-33235
49 071 0480 2 20678-20918-21158
49 095 0470 2 28038-28356-28508
49 104 0462 2 30960-31134-31422
49 017 0455 2 4771-4939-5226
49 007 0437 2 1582-1727-2019
49 022 0423 2 6364-6571-6787

50 100 1920 8 30737-30977-31217-31457-31697-31937-32177-32417-32657
50 080 0840 4 24522-24744-24984-25224-25362
50 049 0678 3 14025-14349-14589-14703
50 075 0549 2 22743-22983-23292
50 073 0489 2 21970-22165-22459
50 087 0468 2 26885-27053-27353
50 001 0461 2 0-169-461
50 064 0447 2 19156-19444-19603
50 060 0444 2 17816-18132-18260
50 057 0444 2 16823-17105-17267
50 102 0416 2 32897-33137-33313
