31 096 1674 7 31532-31772-32012-32252-32492-32732-32972-33206
31 066 0626 2 20930-21266-21556
31 097 0594 3 33206-33428-33668-33800
31 069 0564 3 22175-22331-22571-22739
31 001 0552 2 0-264-552
31 050 0528 2 16168-16486-16696
31 083 0527 2 27089-27314-27616
31 070 0519 3 22739-22889-23129-23258
31 045 0505 2 14317-14671-14822
31 023 0500 2 7357-7525-7857
31 006 0497 2 1869-2029-2366
31 046 0494 2 14822-15146-15316
31 095 0483 2 31049-31292-31532
31 078 0476 2 25525-25765-26001
31 089 0473 2 29046-29208-29519
31 018 0451 2 5686-5995-6137
31 059 0431 2 18886-19045-19317
31 034 0425 2 11030-11185-11455
31 071 0414 2 23258-23498-23672

32 107 0720 3 32994-33234-33474-33714
32 100 0634 3 30086-30253-30493-30720
32 002 0624 3 307-517-757-931
32 105 0617 3 31897-32032-32274-32514
32 054 0610 3 16022-16262-16502-16632
32 067 0583 3 20229-20443-20683-20812
32 034 0483 2 9898-10175-10381
32 106 0480 2 32514-32714-32994
32 083 0461 2 25036-25201-25497
32 086 0446 2 26047-26257-26493
32 039 0446 2 11417-11723-11863
32 029 0431 2 8311-8529-8742
32 061 0421 2 18473-18693-18894

33 101 0960 4 32755-32995-33235-33475-33715
33 099 0689 3 31826-32033-32275-32515
33 059 0656 3 18214-18393-18633-18870
33 001 0583 3 0-168-408-583
33 024 0519 2 7004-7217-7523
33 006 0516 2 1617-1791-2133
33 078 0493 2 24788-24982-25281
33 066 0492 2 20842-21055-21334
33 095 0489 2 30569-30753-31058
33 102 0476 2 33715-33955-34191
33 031 0474 2 9351-9525-9825
33 086 0474 2 27507-27747-27981
33 061 0452 2 19152-19427-19604
33 089 0428 2 28601-28810-29029
33 043 0426 2 12895-13041-13321
33 045 0423 2 13564-13772-13987
33 055 0420 2 16648-16840-17068
33 074 0417 2 23550-23760-23967

34 098 2208 9 31984-32274-32514-32754-32994-33234-33474-33714-33954-34192
34 071 0691 3 23241-23407-23647-23932
34 067 0666 3 21614-21800-22040-22280
34 033 0627 3 10459-10618-10858-11086
34 002 0623 3 571-714-954-1194
34 038 0607 3 12714-12860-13100-13321
34 072 0592 2 23932-24208-24524
34 036 0587 3 11725-11898-12138-12312
34 066 0571 3 21043-21206-21446-21614
34 001 0571 3 0-161-401-571
34 017 0570 2 5386-5604-5956
34 023 0566 2 7349-7675-7915
34 069 0480 2 22520-22724-23000
34 076 0446 2 25366-25592-25812
34 087 0436 2 28529-28769-28965

35 105 0956 4 33234-33474-33714-33954-34190
35 035 0782 3 10391-10586-10826-11173
35 104 0720 3 32514-32754-32994-33234
35 089 0515 2 27573-27789-28088
35 067 0498 2 20473-20631-20971
35 074 0497 2 22824-23015-23321
35 103 0482 2 32032-32274-32514
35 027 0475 2 7785-7964-8260
35 031 0456 2 9136-9305-9592
35 022 0432 2 6107-6347-6539
35 045 0423 2 13692-13914-14115
35 066 0411 2 20062-20242-20473

36 098 1442 6 30329-30571-30811-31051-31291-31531-31771
36 099 0717 3 31771-32011-32251-32488
36 102 0714 3 33282-33522-33762-33996
36 022 0678 3 6549-6759-6999-7227
36 059 0674 2 18501-18858-19175
36 006 0548 3 1477-1629-1869-2025
36 036 0530 2 11510-11858-12040
36 028 0519 2 8942-9260-9461
36 016 0511 2 4506-4723-5017
36 024 0468 2 7470-7773-7938
36 004 0460 2 696-874-1156
36 101 0438 2 32844-32997-33282
36 019 0437 2 5564-5785-6001
36 058 0423 2 18078-18211-18501
36 082 0414 2 25539-25665-25953

37 104 1604 7 31870-32034-32274-32514-32754-32994-33234-33474
37 105 0718 3 33474-33714-33954-34192
37 091 0621 3 27815-28055-28295-28436
37 045 0551 2 12973-13175-13524
37 075 0546 3 22304-22433-22673-22850
37 077 0515 3 23157-23289-23529-23672
37 071 0513 2 21020-21236-21533
37 038 0499 2 10791-11015-11290
37 090 0496 2 27319-27631-27815
37 049 0492 3 14409-14535-14775-14901
37 007 0474 2 1554-1722-2028
37 036 0461 2 10039-10339-10500

38 110 1278 5 31953-32271-32511-32751-32991-33231
38 112 0720 3 33471-33711-33951-34191
38 021 0701 3 5607-5768-6008-6308
38 067 0528 2 19396-19726-19924
38 095 0522 2 27252-27450-27774
38 036 0502 2 10136-10417-10638

39 065 0857 4 19734-19946-20186-20426-20591
39 072 0774 3 22685-23021-23261-23459
39 103 0720 3 32515-32755-32995-33235
39 102 0620 3 31895-32035-32275-32515
39 045 0570 2 13583-13803-14153
39 067 0517 2 20836-21035-21353
39 090 0507 2 28316-28521-28823
39 104 0480 2 33235-33475-33715
39 105 0478 2 33715-33955-34193
39 081 0461 2 25749-26079-26210
39 039 0456 2 11631-11772-12087
39 046 0454 2 14153-14393-14607
39 024 0447 2 6762-6942-7209
39 006 0421 2 1559-1691-1980
39 099 0421 2 30995-31200-31416

40 104 1290 5 31945-32275-32515-32755-32995-33235
40 105 0720 3 33235-33475-33715-33955
40 041 0692 3 12041-12353-12593-12733
40 080 0681 3 24428-24647-24887-25109
40 072 0521 2 21714-22064-22235
40 029 0512 2 8109-8306-8621
40 040 0512 2 11529-11708-12041
40 060 0504 2 17868-18075-18372
40 065 0473 2 19473-19667-19946
40 097 0468 2 29652-29832-30120
40 081 0467 2 25109-25349-25576
40 083 0429 2 25849-26052-26278
40 034 0420 2 9729-9867-10149
40 019 0410 2 5086-5309-5496
