11 022 0971 4 9877-10216-10456-10696-10848
11 020 0726 3 8683-8998-9238-9409
11 071 0720 3 33204-33444-33684-33924
11 056 0715 3 26174-26414-26654-26889
11 018 0676 3 7413-7702-7942-8089
11 033 0661 2 15366-15668-16027
11 052 0621 2 24131-24452-24752
11 054 0607 2 25163-25441-25770
11 019 0594 2 8089-8393-8683
11 047 0588 2 21706-21946-22294
11 068 0574 2 31670-32004-32244
11 032 0573 2 14793-15056-15366
11 010 0567 2 3826-4078-4393
11 023 0551 3 10848-11031-11215-11399
11 031 0531 2 14262-14521-14793
11 040 0526 2 18635-18875-19161
11 036 0519 2 16814-17113-17333
11 051 0516 2 23615-23881-24131
11 066 0511 2 30715-30977-31226
11 008 0500 2 2836-3106-3336
11 009 0490 2 3336-3518-3826
11 049 0487 2 22710-22946-23197
11 070 0480 2 32724-32964-33204
11 069 0480 2 32244-32484-32724
11 043 0479 2 20009-20239-20488
11 014 0478 2 5611-5868-6089
11 061 0474 2 28525-28735-28999
11 021 0468 2 9409-9657-9877
11 039 0460 2 18175-18390-18635
11 002 0455 2 312-488-767
11 065 0453 2 30262-30478-30715
11 057 0450 2 26889-27138-27339
11 016 0438 2 6540-6738-6978

12 068 2160 9 32035-32277-32517-32757-32997-33237-33477-33717-33957-34195
12 028 0838 3 12023-12344-12584-12861
12 038 0836 3 17393-17633-17873-18229
12 032 0651 3 14286-14526-14766-14937
12 064 0641 3 29897-30083-30262-30538
12 060 0617 3 27841-28030-28270-28458
12 025 0614 2 10530-10868-11144
12 045 0606 2 20885-21185-21491
12 033 0591 2 14937-15222-15528
12 063 0572 3 29325-29525-29693-29897
12 054 0539 2 25092-25359-25631
12 053 0534 2 24558-24798-25092
12 036 0534 2 16429-16723-16963
12 029 0534 2 12861-13070-13395
12 013 0527 2 5126-5435-5653
12 066 0522 2 31044-31374-31566
12 059 0522 2 27319-27673-27841
12 041 0514 2 19078-19316-19592
12 065 0506 2 30538-30889-31044
12 004 0503 2 1210-1469-1713
12 016 0498 2 6530-6750-7028
12 034 0493 2 15528-15755-16021
12 047 0485 2 21928-22173-22413
12 042 0484 2 19592-19746-20076
12 027 0481 2 11542-11876-12023
12 010 0475 2 3826-4044-4301
12 006 0459 2 2101-2324-2560
12 048 0458 2 22413-22577-22871
12 031 0456 2 13830-14070-14286
12 022 0453 2 9153-9309-9606
12 009 0451 2 3375-3633-3826
12 055 0450 2 25631-25841-26081
12 039 0450 2 18229-18478-18679

13 067 1020 4 31988-32288-32528-32768-33008
13 064 0952 4 29846-30031-30217-30457-30798
13 063 0874 4 28972-29141-29381-29621-29846
13 065 0747 4 30798-30987-31143-31383-31545
13 068 0720 3 33008-33248-33488-33728
13 038 0657 3 17124-17376-17616-17781
13 017 0636 2 7084-7408-7720
13 041 0618 2 18681-18987-19299
13 025 0606 2 11168-11495-11774
13 022 0586 3 9574-9752-9992-10160
13 024 0571 2 10597-10872-11168
13 011 0567 2 4382-4631-4949
13 045 0558 3 20566-20722-20932-21124
13 035 0557 3 15610-15768-16008-16167
13 048 0553 2 21926-22239-22479
13 006 0549 2 2105-2414-2654
13 062 0543 2 28429-28612-28972
13 058 0540 2 26531-26858-27071
13 018 0536 2 7720-8046-8256
13 037 0498 2 16626-16884-17124
13 055 0492 2 25156-25384-25648
13 016 0491 2 6593-6844-7084
13 054 0488 2 24668-24910-25156
13 008 0485 2 3040-3301-3525
13 051 0482 2 23335-23604-23817
13 039 0480 2 17781-18021-18261
13 020 0479 2 8640-8939-9119
13 003 0475 2 805-1023-1280
13 027 0474 2 12157-12397-12631
13 056 0472 2 25648-25858-26120
13 049 0469 2 22479-22708-22948
13 028 0468 2 12631-12859-13099
13 060 0467 2 27518-27709-27985
13 069 0466 2 33728-33968-34194
13 031 0465 2 13893-14100-14358

14 046 1053 4 21972-22308-22548-22788-23025
14 062 0823 3 30616-30977-31217-31439
14 036 0822 3 16735-16975-17215-17557
14 054 0801 3 26239-26527-26767-27040
14 055 0796 3 27040-27280-27520-27836
14 044 0788 3 20728-20936-21276-21516
14 038 0636 2 17989-18322-18625
14 017 0632 3 7574-7798-8038-8206
14 007 0627 3 2662-2873-3025-3289
14 014 0617 3 6072-6284-6449-6689
14 025 0617 3 11465-11653-11845-12082
14 052 0594 2 25231-25522-25825
14 024 0588 2 10877-11132-11465
14 002 0578 2 335-683-913
14 011 0571 2 4655-4893-5226
14 032 0569 3 14782-14963-15161-15351
14 059 0546 2 29157-29446-29703
14 031 0526 2 14256-14550-14782
14 050 0522 2 24283-24553-24805
14 063 0520 2 31439-31719-31959
14 035 0517 2 16218-16498-16735
14 060 0516 2 29703-30029-30219
14 056 0512 2 27836-28100-28348
14 029 0506 2 13315-13555-13821
14 019 0486 2 8681-8912-9167
14 043 0485 2 20243-20535-20728
14 009 0482 2 3698-3949-4180
14 066 0480 2 32919-33159-33399
14 065 0480 2 32439-32679-32919
14 064 0480 2 31959-32199-32439
14 067 0478 2 33399-33637-33877
14 023 0477 2 10400-10640-10877
14 010 0475 2 4180-4386-4655
14 006 0462 2 2200-2440-2662

15 019 0927 3 8748-9075-9315-9675
15 017 0907 4 7403-7664-7904-8144-8310
15 070 0720 3 32994-33234-33474-33714
15 044 0708 2 20849-21191-21557
15 035 0653 2 16699-16995-17352
15 031 0651 3 14606-14780-14981-15257
15 014 0646 3 5936-6102-6318-6582
15 065 0594 3 30468-30600-30828-31062
15 004 0593 3 1210-1432-1672-1803
15 032 0593 2 15257-15563-15850
15 062 0565 3 29033-29187-29427-29598
15 046 0561 2 22058-22349-22619
15 037 0558 3 17748-17922-18072-18306
15 066 0558 2 31062-31332-31620
15 012 0501 2 4989-5214-5490
15 045 0501 2 21557-21825-22058
15 005 0494 2 1803-2088-2297
15 020 0489 2 9675-9915-10164
15 008 0482 2 3122-3373-3604
15 011 0480 2 4509-4749-4989
15 071 0480 2 33714-33954-34194
15 069 0480 2 32514-32754-32994
15 068 0480 2 32034-32274-32514
15 054 0480 2 25587-25809-26067
15 051 0479 2 24262-24540-24741
15 009 0475 2 3604-3810-4079
15 058 0470 2 27285-27527-27755
15 027 0466 2 12844-13090-13310
15 021 0465 2 10164-10395-10629
15 029 0462 2 13712-13868-14174
15 026 0462 2 12382-12676-12844
15 053 0459 2 25128-25314-25587
15 040 0459 2 19127-19343-19586
15 024 0456 2 11521-11750-11977

16 065 1565 7 31142-31382-31507-31747-31987-32227-32467-32707
16 047 1361 5 21858-22161-22401-22641-22881-23219
16 009 0792 3 3981-4233-4566-4773
16 066 0720 3 32707-32947-33187-33427
16 008 0692 2 3289-3645-3981
16 001 0650 2 0-298-650
16 062 0596 3 29521-29688-29877-30117
16 063 0593 2 30117-30434-30710
16 022 0589 3 10295-10471-10644-10884
16 032 0582 2 15292-15526-15874
16 054 0565 3 25712-25876-26116-26277
16 017 0544 3 8000-8166-8406-8544
16 031 0537 2 14755-14991-15292
16 028 0535 2 13253-13504-13788
16 024 0528 2 11337-11625-11865
16 003 0518 3 1141-1309-1507-1659
16 055 0516 3 26277-26433-26610-26793
16 030 0510 2 14245-14485-14755
16 019 0508 2 8953-9221-9461
16 013 0507 2 6149-6329-6656
16 011 0503 2 5199-5478-5702
16 015 0501 2 7061-7383-7562
16 002 0491 2 650-824-1141
16 026 0489 2 12335-12635-12824
16 061 0485 2 29036-29300-29521
16 025 0470 2 11865-12095-12335
16 058 0469 2 27683-27924-28152
16 044 0468 2 20543-20765-21011
16 043 0465 2 20078-20327-20543
16 050 0459 2 23998-24241-24457
16 060 0457 2 28579-28801-29036
16 029 0457 2 13788-13950-14245
16 037 0453 2 17531-17791-17984

17 050 0743 3 22991-23300-23540-23734
17 069 0720 3 32994-33234-33474-33714
17 067 0720 3 31794-32034-32274-32514
17 025 0710 2 11021-11368-11731
17 055 0709 3 25762-25948-26143-26471
17 066 0705 3 31089-31368-31608-31794
17 046 0666 2 21077-21380-21743
17 028 0661 2 12769-13120-13430
17 043 0648 3 19621-19753-19993-20269
17 018 0588 3 7624-7777-8017-8212
17 024 0583 2 10438-10706-11021
17 027 0582 3 12187-12331-12571-12769
17 010 0569 2 3859-4099-4428
17 013 0555 2 5253-5478-5808
17 064 0547 2 30115-30392-30662
17 051 0543 2 23734-24100-24277
17 053 0537 2 24751-25051-25288
17 059 0512 2 27863-28070-28375
17 057 0510 2 26964-27234-27474
17 041 0506 2 18622-18867-19128
17 032 0501 2 14814-15018-15315
17 014 0497 2 5808-6011-6305
17 056 0493 2 26471-26754-26964
17 042 0493 2 19128-19368-19621
17 021 0489 2 9028-9301-9517
17 029 0489 2 13430-13580-13919
17 062 0485 2 29238-29574-29723
17 023 0482 2 9956-10175-10438
17 016 0482 2 6693-6918-7175
17 005 0482 2 1708-1959-2190
17 070 0480 2 33714-33954-34194
17 068 0480 2 32514-32754-32994
17 006 0475 2 2190-2396-2665

18 067 1440 6 32515-32755-32995-33235-33475-33715-33955
18 017 0811 3 7307-7545-7833-8118
18 066 0786 3 31729-32033-32275-32515
18 046 0759 3 21537-21816-22056-22296
18 047 0737 2 22296-22658-23033
18 064 0736 2 30573-30950-31309
18 031 0666 2 14698-15028-15364
18 012 0627 3 4641-4815-5055-5268
18 062 0627 3 29546-29795-30035-30173
18 013 0615 3 5268-5490-5730-5883
18 025 0598 2 11456-11755-12054
18 027 0596 2 12451-12675-13047
18 030 0579 2 14119-14458-14698
18 029 0566 2 13553-13869-14119
18 034 0561 2 16222-16462-16783
18 014 0556 2 5883-6115-6439
18 022 0553 2 9990-10230-10543
18 053 0551 2 25341-25629-25892
18 055 0548 2 26356-26712-26904
18 021 0546 2 9444-9750-9990
18 010 0526 2 3695-3933-4221
18 023 0526 2 10543-10845-11069
18 048 0516 2 23033-23315-23549
18 028 0506 2 13047-13325-13553
18 056 0486 2 26904-27144-27390
18 018 0477 2 8118-8369-8595
18 051 0473 2 24398-24602-24871
18 052 0470 2 24871-25194-25341
18 035 0470 2 16783-17042-17253
18 044 0465 2 20613-20880-21078
18 033 0465 2 15757-15997-16222
18 054 0464 2 25892-26119-26356
18 016 0461 2 6846-7139-7307
18 045 0459 2 21078-21360-21537

19 069 1200 5 32515-32755-32995-33235-33475-33715
19 046 0825 3 20992-21259-21499-21817
19 038 0799 3 16703-16953-17267-17502
19 064 0792 3 29795-30047-30287-30587
19 045 0775 3 20217-20575-20817-20992
19 030 0738 3 12711-12962-13286-13449
19 049 0720 3 22716-22975-23275-23436
19 039 0593 2 17502-17782-18095
19 031 0584 2 13449-13731-14033
19 036 0562 3 15681-15897-16063-16243
19 067 0562 2 31471-31739-32033
19 060 0552 3 27834-28008-28206-28386
19 050 0548 2 23436-23702-23984
19 017 0510 2 6799-7079-7309
19 047 0510 2 21817-22141-22327
19 061 0504 2 28386-28632-28890
19 025 0500 3 10375-10512-10704-10875
19 020 0499 2 8188-8456-8687
19 054 0495 2 25259-25517-25754
19 028 0489 2 11780-11957-12269
19 015 0488 2 5899-6188-6387
19 065 0488 2 30587-30871-31075
19 012 0482 2 4537-4788-5019
19 068 0482 2 32033-32275-32515
19 019 0481 2 7707-7945-8188
19 027 0479 2 11301-11553-11780
19 070 0478 2 33715-33955-34193
19 013 0475 2 5019-5225-5494
19 003 0467 2 787-1093-1254
19 062 0462 2 28890-29130-29352
19 037 0460 2 16243-16520-16703
19 035 0457 2 15224-15442-15681
19 043 0454 2 19319-19490-19773
19 021 0447 2 8687-8889-9134
19 057 0446 2 26558-26761-27004

20 059 0939 4 26652-26820-27060-27300-27591
20 012 0736 4 5054-5221-5398-5638-5790
20 042 0670 3 18561-18799-19039-19231
20 001 0670 3 0-151-391-670
20 057 0624 3 25644-25884-26124-26268
20 043 0591 3 19231-19471-19612-19822
20 068 0573 3 31005-31204-31378-31578
20 017 0573 2 7550-7790-8123
20 050 0572 3 22351-22543-22783-22923
20 056 0547 2 25097-25288-25644
20 074 0528 2 33903-34191-34431
20 015 0511 2 6619-6853-7130
20 022 0504 2 9788-10028-10292
20 026 0501 2 11497-11708-11998
20 071 0492 2 32442-32694-32934
20 035 0490 2 15353-15639-15843
20 072 0489 2 32934-33183-33423
20 005 0482 2 1972-2223-2454
20 073 0480 2 33423-33663-33903
20 002 0477 2 670-912-1147
20 006 0475 2 2454-2660-2929
20 053 0468 2 23766-24006-24234
20 036 0467 2 15843-16101-16310
20 027 0467 2 11998-12207-12465
20 060 0463 2 27591-27791-28054
20 069 0462 2 31578-31818-32040
20 038 0459 2 16781-16973-17240
20 051 0451 2 22923-23083-23374
20 041 0450 2 18111-18345-18561
20 009 0449 2 3785-3997-4234
20 048 0448 2 21481-21706-21929
20 062 0443 2 28482-28687-28925
20 007 0440 2 2929-3165-3369
